MOCH                           
ARKADIUSZ             
N
7271217229 
011000
 
001001
01000000
01000000
00812900
0097600
0065000
0024500
0060968
0097600
0065000
0016200
0000000
00426868
  
       
       
  
       
0       
22
22
11
01062000
30062000
01000000
  
        
        
        
  
        
        
        
  
        
        
        
  
        
        
        
  
        
        
        
  
        
        
        
  
        
        
        
  
        
        
        
  
        
        
        
1000000  
0000000000000000
0000000000000000
00
</DDORNA>
<OPLR>
15072000
</OPLR>
</ZUSRNA>
<stopka.DP>
</stopka.DP>
</ZUSRNA.DP>
